3086629576 1
3086629604 1
3086629599 0
3086629604 1
3086629599 0
3086629604 1
3086629599 0
3086629604 1
3086629599 0
3086629604 1
3086629599 0
3086629604 1
3086629599 0
3086629604 1
3086629599 0
3086629604 1
3086629599 0
3086629604 1
3086629599 0
3086629604 1
3086629599 0
3086629604 1
3086629599 0
3086629604 1
3086629599 0
3086629604 1
3086629599 0
3086629604 0
3086629616 0
3086629644 1
3086629604 0
3086629616 0
3086629644 1
3086629604 0
3086629616 0
3086629644 1
3086629604 0
3086629616 0
3086629644 0
3086629656 0
3086629666 0
3086629679 0
3086629692 0
3086629705 0
3086629718 0
3086629731 0
3086629744 0
3086629757 0
3086629763 0
3086629777 0
3086629789 0
3086629803 1
3086629823 1
3086629843 0
3086629857 0
3086629871 1
3086630083 0
3086630117 0
3086630131 0
3086630179 0
3086630192 0
3086630201 0
3086630214 0
3086630230 1
3086630214 0
3086630230 1
3086630214 0
3086630230 1
3086630214 0
3086630230 1
3086630214 0
3086630230 1
3086630214 0
3086630230 1
3086630214 0
3086630230 1
3086630214 0
3086630230 1
3086630214 0
3086630230 1
3086630214 0
3086630230 1
3086630214 0
3086630230 0
3086630240 1
3086630307 1
3086630273 0
3086630293 0
3086630307 1
3086630273 0
3086630293 0
3086630307 1
3086630273 0
3086630293 0
3086630307 1
3086630273 0
3086630293 0
3086630307 1
3086630273 0
3086630293 0
3086630307 1
3086630273 0
3086630293 0
3086630307 0
3086662314 0
3086703265 0
3086703274 1
3086703274 1
3086703274 1
3086703274 1
3086703274 1
3086703274 1
3086703274 1
3086703274 1
3086703274 1
3086703274 1
3086703274 1
3086703274 1
3086703274 1
3086703274 1
3086703274 1
3086703274 1
3086703274 1
3086703274 1
3086703274 1
3086703274 1
3086703274 1
3086703274 1
3086703274 1
3086703274 1
3086703274 1
3086703274 1
3086703274 1
3086703274 1
3086703274 1
3086703274 1
3086703274 1
3086703274 1
3086703274 1
3086703274 1
3086703274 1
3086703274 1
3086703274 1
3086703274 1
3086703274 1
3086703274 1
3086703274 1
3086703274 1
3086703274 1
3086703274 1
3086703274 1
3086703274 1
3086703274 1
3086703274 1
3086703274 1
3086703274 1
3086703274 1
3086703274 1
3086703274 1
3086703274 1
3086703274 1
3086703274 1
3086703274 1
3086703274 1
3086703274 1
3086703274 1
3086703274 1
3086703274 1
3086703274 1
3086703274 1
3086703274 1
3086703274 1
3086703274 1
3086703274 1
3086703274 1
3086703274 1
3086703274 1
3086703274 1
3086703274 1
3086703274 1
3086703274 1
3086703274 1
3086703274 1
3086703274 1
3086703274 1
3086703274 1
3086703274 1
3086703274 1
3086703313 1
3086703325 1
3086703749 1
3086703325 1
3086703355 1
3086703325 0
3086703642 1
3086703325 0
3086703551 1
3086703325 0
3086703670 1
3086703325 0
